[gd_scene load_steps=4 format=3 uid="uid://c5hm0nfy6m556"]

[ext_resource type="Script" uid="uid://b3ktd6x26s48s" path="res://player.gd" id="1_4flbx"]
[ext_resource type="PackedScene" uid="uid://bqlhgj7nxsg1k" path="res://assets/characters/Barbarian.glb" id="2_onrkg"]

[sub_resource type="CapsuleShape3D" id="CapsuleShape3D_onrkg"]
height = 2.35388

[node name="Player" type="CharacterBody3D"]
script = ExtResource("1_4flbx")

[node name="CollisionShape3D" type="CollisionShape3D" parent="."]
transform = Transform3D(1, 0, 0, 0, 1, 0, 0, 0, 1, 0, 1.16391, 0)
visible = false
shape = SubResource("CapsuleShape3D_onrkg")

[node name="CameraPivot" type="Node3D" parent="."]
transform = Transform3D(-1, 0, 8.74228e-08, 0, 1, 0, -8.74228e-08, 0, -1, 0, 1.7, 0)

[node name="SpringArm3D" type="SpringArm3D" parent="CameraPivot"]
spring_length = 5.0

[node name="Camera3D" type="Camera3D" parent="CameraPivot/SpringArm3D"]
transform = Transform3D(1, 0, 0, 0, 1, 0, 0, 0, 1, 0, 0, 3.12116)

[node name="Barbarian" parent="." instance=ExtResource("2_onrkg")]
transform = Transform3D(1, 0, -2.13163e-14, 0, 1, 0, 2.13163e-14, 0, 1, 0, 0, 0)

[node name="Skeleton3D" parent="Barbarian/Rig" index="0"]
bones/1/position = Vector3(0, 0.392064, 0)
bones/1/rotation = Quaternion(-1.11123e-10, 0.0431578, 2.57241e-09, 0.999068)
bones/2/rotation = Quaternion(-6.93889e-18, 7.10543e-15, 4.93038e-32, 1)
bones/3/rotation = Quaternion(8.27181e-25, 3.72529e-09, -2.75506e-40, 1)
bones/4/position = Vector3(0.212007, 0.134132, 7.92996e-08)
bones/4/rotation = Quaternion(-0.559906, -0.0608803, -0.643974, 0.517779)
bones/5/rotation = Quaternion(3.65498e-08, -4.88301e-08, -0.494719, 0.869053)
bones/7/rotation = Quaternion(-0.321065, -0.325319, 0.145726, 0.87741)
bones/8/position = Vector3(8.34843e-10, 0.0961252, -0.0575)
bones/8/rotation = Quaternion(-3.6586e-09, 6.87811e-09, -0.707107, 0.707107)
bones/11/position = Vector3(-0.212007, 0.134132, 8.6814e-08)
bones/11/rotation = Quaternion(-0.618244, 0.0807287, 0.618012, 0.478873)
bones/12/rotation = Quaternion(2.09853e-08, 5.12855e-08, 0.517939, 0.855417)
bones/14/rotation = Quaternion(-0.319291, 0.300524, -0.22735, 0.869512)
bones/15/position = Vector3(-1.5736e-08, 0.0961251, -0.0575)
bones/15/rotation = Quaternion(-1.02444e-09, -4.24391e-09, 0.707107, 0.707107)
bones/19/rotation = Quaternion(-5.80608e-11, -0.0313417, -1.88012e-09, 0.999509)
bones/22/position = Vector3(0.170945, 0.113587, 1.59941e-08)
bones/22/rotation = Quaternion(0.996185, 0.0479136, 0.0566427, -0.045939)
bones/23/rotation = Quaternion(0.165014, 6.49414e-08, -1.11407e-07, 0.986291)
bones/24/rotation = Quaternion(-0.533729, -0.260895, -1.72985e-05, 0.804405)
bones/25/rotation = Quaternion(-2.32086e-08, 0.920355, -0.391084, 7.25743e-08)
bones/26/position = Vector3(-0.170945, 0.113587, 1.55755e-08)
bones/26/rotation = Quaternion(0.997322, -0.0294574, 0.0315293, 0.0590483)
bones/27/rotation = Quaternion(0.274008, -6.38135e-08, 1.92761e-07, 0.961727)
bones/28/rotation = Quaternion(-0.559039, 0.114513, -0.00862763, 0.82115)
bones/29/rotation = Quaternion(3.03591e-08, 0.920355, -0.391084, -6.95338e-08)
bones/30/rotation = Quaternion(0.707107, -2.29302e-07, -4.60552e-08, 0.707107)
bones/31/position = Vector3(0.213918, 0.0259903, 0.173866)
bones/31/rotation = Quaternion(-0.705092, 0.0533355, 0.0533355, 0.705092)
bones/32/rotation = Quaternion(9.65792e-09, 1.77955e-09, 0.985719, -0.168398)
bones/33/position = Vector3(-1.11482e-08, 0.213436, -5.36347e-09)
bones/33/rotation = Quaternion(-1.10961e-07, 0.391084, 0.920355, -2.67919e-08)
bones/34/position = Vector3(-6.31128e-09, 0.16565, -7.10267e-09)
bones/35/rotation = Quaternion(1, -8.27364e-11, 1.94627e-07, -7.45058e-09)
bones/37/rotation = Quaternion(0.707107, -3.82385e-08, 1.45009e-07, 0.707107)
bones/38/rotation = Quaternion(-0.707107, -7.05285e-08, -7.05285e-08, 0.707107)
bones/39/rotation = Quaternion(-5.83589e-09, 6.43837e-10, 0.994809, 0.101756)
bones/40/position = Vector3(-1.11482e-08, 0.213436, -2.50942e-15)
bones/40/rotation = Quaternion(-1.05796e-07, 0.391084, 0.920355, -2.58643e-08)
bones/41/position = Vector3(-6.31128e-09, 0.16565, 2.70695e-09)
bones/42/rotation = Quaternion(1, 3.76526e-09, 1.94879e-07, 7.45058e-09)
bones/44/rotation = Quaternion(-0.707107, -7.27951e-08, -7.27951e-08, 0.707107)
bones/45/position = Vector3(0.520841, 0.788312, -0.0576373)
bones/45/rotation = Quaternion(0.794627, -1.11759e-07, 0.607098, -5.96046e-08)
bones/46/rotation = Quaternion(-0.707107, -7.27951e-08, -7.27951e-08, 0.707107)
bones/47/position = Vector3(-0.510844, 0.788312, 0.0597369)
bones/47/rotation = Quaternion(-0.758253, -1.52737e-07, 0.651961, -1.11759e-08)

[node name="1H_Axe_Offhand" parent="Barbarian/Rig/Skeleton3D" index="0"]
transform = Transform3D(2.60429e-07, 0.262865, 0.964832, 0.999999, -5.48367e-07, 3.00008e-07, 8.22325e-07, 0.964832, -0.262865, 0.516524, 0.636705, 0.0136162)

[node name="Barbarian_Round_Shield" parent="Barbarian/Rig/Skeleton3D" index="1"]
transform = Transform3D(4.89419e-08, 0.262864, 0.964832, 0.999999, -3.06881e-06, 1.20589e-06, 3.49226e-06, 0.964832, -0.262864, 0.662643, 0.636705, -0.0430846)

[node name="1H_Axe" parent="Barbarian/Rig/Skeleton3D" index="2"]
transform = Transform3D(4.21314e-07, -0.149893, 0.988701, 0.999999, -9.35798e-07, -8.50581e-07, 1.39252e-06, 0.988701, 0.149894, -0.496053, 0.64103, 0.139528)

[node name="2H_Axe" parent="Barbarian/Rig/Skeleton3D" index="3"]
transform = Transform3D(4.21314e-07, -0.149893, 0.988701, 0.999999, -9.35798e-07, -8.50581e-07, 1.39252e-06, 0.988701, 0.149894, -0.496053, 0.64103, 0.139528)

[node name="Mug" parent="Barbarian/Rig/Skeleton3D" index="4"]
transform = Transform3D(4.21314e-07, -0.149893, 0.988701, 0.999999, -9.35798e-07, -8.50581e-07, 1.39252e-06, 0.988701, 0.149894, -0.488717, 0.340464, 0.0911349)

[node name="Barbarian_Hat" parent="Barbarian/Rig/Skeleton3D" index="5"]
transform = Transform3D(0.99972, -1.40145e-09, 0.0236468, 1.39343e-09, 1, 3.55687e-10, -0.0236468, -3.22638e-10, 0.99972, -7.55729e-09, 1.20227, -1.39052e-07)

[node name="Barbarian_Cape" parent="Barbarian/Rig/Skeleton3D" index="6"]
transform = Transform3D(0.996275, -5.14962e-09, 0.0862354, 5.13044e-09, 1, 4.44078e-10, -0.0862354, 1.46374e-15, 0.996275, -1.91641e-06, 1.20227, 2.59005e-08)

[node name="AnimationPlayer" parent="Barbarian" index="1"]
autoplay = "Idle"

[editable path="Barbarian"]
