[gd_scene load_steps=4 format=3 uid="uid://cgfewsx8oxe4q"]

[ext_resource type="PackedScene" uid="uid://pyc6icsfjjxf" path="res://assets/characters/Rogue_Hooded.glb" id="1_1h813"]
[ext_resource type="Script" uid="uid://24oooka2s7gf" path="res://characters/rougue.gd" id="1_y2veg"]

[sub_resource type="CapsuleShape3D" id="CapsuleShape3D_y2veg"]

[node name="Rougue" type="CharacterBody3D"]
script = ExtResource("1_y2veg")

[node name="CameraPivot" type="Node3D" parent="."]
transform = Transform3D(1, 0, 0, 0, 1, 0, 0, 0, 1, 0, 1.49235, 0)

[node name="Camera3D" type="Camera3D" parent="CameraPivot"]
transform = Transform3D(1, 0, 0, 0, 0.866025, 0.5, 0, -0.5, 0.866025, 2, 2, 3)

[node name="Rogue_Hooded" parent="." instance=ExtResource("1_1h813")]
transform = Transform3D(-1, 0, -8.74228e-08, 0, 1, 0, 8.74228e-08, 0, -1, 0, 0, 0)

[node name="Skeleton3D" parent="Rogue_Hooded/Rig" index="0"]
bones/1/position = Vector3(0, 0.392064, 0)
bones/1/rotation = Quaternion(-1.11123e-10, 0.0431578, 2.57241e-09, 0.999068)
bones/2/rotation = Quaternion(-6.93889e-18, 7.10543e-15, 4.93038e-32, 1)
bones/3/rotation = Quaternion(8.27181e-25, 3.72529e-09, -2.75506e-40, 1)
bones/4/position = Vector3(0.212007, 0.134132, 7.92996e-08)
bones/4/rotation = Quaternion(-0.559906, -0.0608803, -0.643974, 0.517779)
bones/5/rotation = Quaternion(3.65498e-08, -4.88301e-08, -0.494719, 0.869053)
bones/7/rotation = Quaternion(-0.321065, -0.325319, 0.145726, 0.87741)
bones/8/position = Vector3(8.34843e-10, 0.0961252, -0.0575)
bones/8/rotation = Quaternion(-3.6586e-09, 6.87811e-09, -0.707107, 0.707107)
bones/10/position = Vector3(-0.212007, 0.134132, 8.6814e-08)
bones/10/rotation = Quaternion(-0.618244, 0.0807287, 0.618012, 0.478873)
bones/11/rotation = Quaternion(2.09853e-08, 5.12855e-08, 0.517939, 0.855417)
bones/13/rotation = Quaternion(-0.319291, 0.300524, -0.22735, 0.869512)
bones/14/position = Vector3(-1.5736e-08, 0.0961251, -0.0575)
bones/14/rotation = Quaternion(-1.02444e-09, -4.24391e-09, 0.707107, 0.707107)
bones/19/rotation = Quaternion(-5.8061e-11, -0.0313416, -1.88013e-09, 0.999509)
bones/21/position = Vector3(0.170945, 0.113587, 1.59941e-08)
bones/21/rotation = Quaternion(0.993715, 0.0837146, 0.0735038, 0.0109185)
bones/22/rotation = Quaternion(0.195602, 6.26228e-08, -1.32239e-07, 0.980683)
bones/23/rotation = Quaternion(-0.517564, -0.209497, 0.0436549, 0.828452)
bones/24/rotation = Quaternion(-9.74126e-09, 0.920355, -0.391084, 7.8309e-08)
bones/25/position = Vector3(-0.170945, 0.113587, 1.55755e-08)
bones/25/rotation = Quaternion(0.997322, -0.0294574, 0.0315293, 0.0590483)
bones/26/rotation = Quaternion(0.274008, -6.38135e-08, 1.92761e-07, 0.961727)
bones/27/rotation = Quaternion(-0.559039, 0.114513, -0.00862763, 0.82115)
bones/28/rotation = Quaternion(3.03597e-08, 0.920355, -0.391084, -6.95338e-08)
bones/29/rotation = Quaternion(0.707107, -2.29302e-07, -4.60551e-08, 0.707107)
bones/30/position = Vector3(0.202182, 0.0259903, 0.205181)
bones/30/rotation = Quaternion(-0.707107, -7.05285e-08, -7.05285e-08, 0.707107)
bones/31/rotation = Quaternion(9.65792e-09, 1.77955e-09, 0.985719, -0.168398)
bones/32/position = Vector3(-2.60494e-08, 0.213436, -5.1715e-09)
bones/32/rotation = Quaternion(-1.01273e-07, 0.391084, 0.920355, -3.35091e-08)
bones/33/position = Vector3(8.58988e-09, 0.16565, -2.40963e-09)
bones/34/rotation = Quaternion(1, -2.33136e-09, 1.99777e-07, -1.34211e-15)
bones/36/rotation = Quaternion(0.707107, -3.82385e-08, 1.45009e-07, 0.707107)
bones/37/rotation = Quaternion(-0.707107, -7.05285e-08, -7.05285e-08, 0.707107)
bones/38/rotation = Quaternion(-5.83589e-09, 6.43837e-10, 0.994809, 0.101756)
bones/39/position = Vector3(-1.11482e-08, 0.213436, -2.50942e-15)
bones/39/rotation = Quaternion(-1.05796e-07, 0.391084, 0.920355, -2.58643e-08)
bones/40/position = Vector3(-6.31128e-09, 0.16565, 2.70695e-09)
bones/41/rotation = Quaternion(1, 3.76526e-09, 1.94879e-07, 7.45058e-09)
bones/43/rotation = Quaternion(-0.707107, -7.27951e-08, -7.27951e-08, 0.707107)
bones/44/position = Vector3(0.520841, 0.788312, -0.0576373)
bones/44/rotation = Quaternion(0.794627, -1.11759e-07, 0.607098, -5.96046e-08)
bones/45/rotation = Quaternion(-0.707107, -7.27951e-08, -7.27951e-08, 0.707107)
bones/46/position = Vector3(-0.510844, 0.788312, 0.0597369)
bones/46/rotation = Quaternion(-0.758253, -1.52737e-07, 0.651961, -1.11759e-08)

[node name="Knife_Offhand" parent="Rogue_Hooded/Rig/Skeleton3D" index="0"]
transform = Transform3D(9.17323e-08, 0.262865, 0.964832, 0.999999, -5.48367e-07, 4.74853e-07, 8.68286e-07, 0.964832, -0.262865, 0.507764, 0.636705, -0.0185365)

[node name="1H_Crossbow" parent="Rogue_Hooded/Rig/Skeleton3D" index="1"]
transform = Transform3D(0.988701, -0.149894, -4.17134e-07, -8.6882e-07, -1.08398e-06, -0.999999, 0.149894, 0.988701, -1.54176e-06, -0.489505, 0.745658, 0.096339)
visible = false

[node name="2H_Crossbow" parent="Rogue_Hooded/Rig/Skeleton3D" index="2"]
transform = Transform3D(0.988701, -0.149894, -4.17134e-07, -8.6882e-07, -1.08398e-06, -0.999999, 0.149894, 0.988701, -1.54176e-06, -0.489505, 0.745658, 0.096339)
visible = false

[node name="Knife" parent="Rogue_Hooded/Rig/Skeleton3D" index="3"]
transform = Transform3D(4.21314e-07, -0.149893, 0.988701, 0.999999, -9.35798e-07, -8.50581e-07, 1.39252e-06, 0.988701, 0.149894, -0.491058, 0.64103, 0.10658)

[node name="Throwable" parent="Rogue_Hooded/Rig/Skeleton3D" index="4"]
transform = Transform3D(4.37053e-07, -0.149894, 0.988701, 0.999999, -9.21064e-07, -8.64267e-07, 1.38e-06, 0.988701, 0.149894, -0.518076, 0.641029, 0.28479)
visible = false

[node name="Rogue_Cape" parent="Rogue_Hooded/Rig/Skeleton3D" index="5"]
transform = Transform3D(0.996275, -5.14962e-09, 0.0862354, 5.13044e-09, 1, 4.44078e-10, -0.0862354, 1.46374e-15, 0.996275, -4.17227e-09, 1.20227, 1.18859e-15)

[node name="AnimationPlayer" parent="Rogue_Hooded" index="1"]
autoplay = "Idle"
playback_default_blend_time = 0.2

[node name="CollisionShape3D" type="CollisionShape3D" parent="."]
transform = Transform3D(1, 0, 0, 0, 1, 0, 0, 0, 1, 0, 1, 0)
shape = SubResource("CapsuleShape3D_y2veg")

[editable path="Rogue_Hooded"]
